1006,515,513,165,499,686,131,162,635,787,991,887,278,295,80,805,427,420,440,451,201,612,644,357,87,461,253,162,748,923,661,463,874,31,893,776,444,959,957,337,949,708,697,382,958,426,932,913,561,916,497,571,977,591,634,57,581,158,295,871,90,758,808,456
9,498,680,1012,851,630,848,766,949,605,653,248,161,358,79,507,204,867,871,641,42,845,969,731,818,340,623,1001,64,388,365,514,494,746,807,316,714,380,275,885,24,625,69,634,808,869,318,472,808,37,466,453,141,590,648,194,215,876,8,385,608,898,193,808
5,680,484,180,644,327,113,452,101,28,913,61,50,671,705,715,520,235,628,11,63,808,288,52,897,519,835,363,914,625,601,954,533,218,297,990,829,92,372,646,633,719,886,113,608,274,498,321,408,463,517,486,110,628,537,749,929,928,671,916,82,306,90,302
330,1012,180,116,677,127,952,469,552,409,457,715,571,397,286,718,746,281,396,50,777,527,912,454,774,371,259,748,924,106,193,620,678,84,401,810,368,821,463,120,320,894,763,860,600,237,277,434,997,888,483,174,973,57,729,251,441,724,815,368,614,295,415,303
998,851,644,677,620,281,483,31,777,981,211,967,41,186,410,317,479,907,724,141,514,881,693,613,949,514,284,820,961,492,125,938,171,861,597,800,802,739,569,137,381,364,868,229,489,603,173,953,914,1017,545,970,121,53,792,421,46,328,421,513,581,723,508,113
351,630,327,127,281,976,381,791,460,579,470,558,582,54,217,171,478,922,652,167,245,680,582,167,353,862,54,497,388,980,216,697,100,684,239,589,150,550,413,830,181,355,851,497,232,425,258,653,973,571,483,492,50,856,766,587,308,764,26,634,622,794,421,205
262,848,113,952,483,381,263,810,593,970,926,85,571,613,836,378,614,223,365,756,333,967,154,322,80,914,54,643,516,112,531,399,189,499,676,610,337,845,811,457,804,668,1005,854,433,908,905,278,310,439,518,584,206,763,651,653,284,6,977,135,847,320,491,308
324,766,452,469,31,791,810,65,299,940,585,939,116,332,774,258,123,57,327,531,457,828,707,67,883,293,482,73,367,67,295,23,798,181,870,424,284,598,889,785,944,433,671,941,509,913,928,562,765,257,540,232,276,1,650,348,351,497,115,169,854,544,207,286
249,949,101,552,777,460,593,299,412,935,953,616,700,277,775,519,722,227,223,28,5,197,741,247,280,451,312,206,645,550,580,694,15,148,950,544,685,328,572,355,414,947,369,326,400,529,570,394,509,866,992,232,27,163,719,348,561,460,710,834,887,741,339,920
553,605,28,409,981,579,970,940,935,425,966,714,777,122,22,218,623,888,949,718,789,939,758,954,836,299,175,884,389,137,949,572,44,784,843,190,588,659,815,201,358,350,602,849,346,57,1016,517,495,223,558,787,119,745,882,932,457,774,158,407,721,682,433,53
961,653,913,457,211,470,926,585,953,966,186,106,136,522,586,126,384,324,362,689,631,329,131,326,973,560,871,358,376,788,129,299,320,739,24,887,164,54,288,818,137,13,830,622,506,833,4,96,231,187,18,445,484,838,958,991,124,155,471,45,202,413,396,534
753,248,61,715,967,558,85,939,616,714,106,629,872,600,626,752,848,879,64,275,229,844,918,150,50,524,743,363,757,368,138,898,994,581,783,1019,353,814,57,224,473,617,33,487,88,453,934,739,809,26,74,736,143,697,947,150,689,842,42,266,758,937,514,343
556,161,50,571,41,582,571,116,700,777,136,872,72,976,766,327,226,588,792,625,488,818,863,642,722,233,16,121,355,107,116,833,138,17,555,249,648,356,750,733,704,493,274,520,434,189,167,626,534,696,744,793,949,252,910,645,868,576,637,755,1001,859,884,1001
590,358,671,397,186,54,613,332,277,122,522,600,976,238,677,240,67,139,128,1005,193,507,542,414,825,214,632,8,492,103,802,377,877,112,504,184,252,584,11,209,753,361,980,221,621,148,902,983,513,231,394,957,902,141,971,607,532,663,268,351,856,948,325,541
160,79,705,286,410,217,836,774,775,22,586,626,766,677,733,417,153,628,352,717,3,938,58,725,927,203,206,1003,777,166,364,846,351,343,762,507,120,928,43,31,887,219,308,60,956,313,964,789,680,211,444,503,149,600,859,858,402,224,377,369,298,322,605,345
589,507,715,718,317,171,378,258,519,218,126,752,327,240,417,646,978,366,196,371,441,575,100,571,103,919,574,975,677,17,210,338,312,1001,346,698,162,600,948,721,518,834,320,22,773,751,200,661,487,893,320,657,201,867,487,654,550,116,325,324,856,976,342,64
854,204,520,746,479,478,614,123,722,623,384,848,226,67,153,978,859,546,385,941,943,624,67,499,563,474,667,248,215,721,1012,697,988,315,937,1,157,182,257,414,668,619,548,12,838,660,448,919,874,596,85,18,354,88,662,179,368,651,63,812,1002,876,435,1018
840,867,235,281,907,922,223,57,227,888,324,879,588,139,628,366,546,878,270,957,103,435,2,59,870,311,148,928,292,189,187,641,700,924,991,396,21,835,669,204,515,382,311,343,920,535,358,661,7,66,294,803,926,149,801,376,280,315,117,741,832,461,531,371
880,871,628,396,724,652,365,327,223,949,362,64,792,128,352,196,385,270,429,453,449,502,427,373,828,544,572,192,902,779,839,190,577,355,383,1011,53,508,782,770,939,207,177,198,40,618,748,467,874,726,784,181,598,618,884,902,323,767,993,137,200,487,397,534
902,641,11,50,141,167,756,531,28,718,689,275,625,1005,717,371,941,957,453,942,852,441,873,175,47,68,588,546,679,531,782,775,866,36,375,40,477,0,609,496,462,734,94,895,917,253,727,961,165,571,613,579,894,312,719,831,368,1001,787,452,813,136,490,26
402,42,63,777,514,245,333,457,5,789,631,229,488,193,3,441,943,103,449,852,934,202,189,547,436,91,42,54,175,682,467,437,234,886,714,862,1008,578,735,301,291,349,431,813,87,5,466,425,658,52,366,305,293,995,259,185,488,388,460,442,388,816,786,977
203,845,808,527,881,680,967,828,197,939,329,844,818,507,938,575,624,435,502,441,202,682,897,450,591,410,578,692,57,111,337,947,457,912,352,661,963,722,270,530,188,1009,47,644,922,300,724,163,312,453,765,80,406,240,461,937,205,968,43,396,445,17,282,760
267,969,288,912,693,582,154,707,741,758,131,918,863,542,58,100,67,2,427,873,189,897,943,941,424,57,39,581,628,733,591,357,604,944,859,453,375,655,517,157,227,907,201,156,857,620,1018,611,979,4,167,866,27,893,918,481,396,881,904,46,25,932,1012,326
714,731,52,454,613,167,322,67,247,954,326,150,642,414,725,571,499,59,373,175,547,450,941,917,407,53,60,996,236,87,753,248,844,551,24,573,145,170,542,214,876,440,1016,414,875,554,507,813,303,693,105,114,332,705,913,377,136,332,884,533,533,1020,976,252
174,818,897,774,949,353,80,883,280,836,973,50,722,825,927,103,563,870,828,47,436,591,424,407,546,410,1010,736,455,256,765,219,195,945,265,737,368,32,888,240,427,985,653,714,111,762,349,199,527,404,640,592,792,352,164,568,313,139,982,350,507,577,260,650
922,340,519,371,514,862,914,293,451,299,560,524,233,214,203,919,474,311,544,68,91,410,57,53,410,482,65,469,756,112,743,712,320,930,637,60,624,65,751,80,349,640,683,350,601,927,454,63,300,474,891,297,612,251,7,100,571,963,626,956,394,768,251,8
506,623,835,259,284,54,54,482,312,175,871,743,16,632,206,574,667,148,572,588,42,578,39,60,1010,65,962,85,126,222,59,844,426,12,725,524,778,322,278,860,293,47,337,570,145,293,641,555,10,787,131,911,777,267,187,10,750,37,937,670,196,68,516,622
324,1001,363,748,820,497,643,73,206,884,358,363,121,8,1003,975,248,928,192,546,54,692,581,996,736,469,85,619,572,73,323,794,536,221,920,422,222,991,431,491,558,1011,955,132,262,880,394,588,21,688,807,611,566,713,270,837,497,724,81,177,344,965,439,508
475,64,914,924,961,388,516,367,645,389,376,757,355,492,777,677,215,292,902,679,175,57,628,236,455,756,126,572,566,673,808,15,589,423,939,618,635,331,183,129,188,445,806,647,867,363,827,881,245,41,147,462,547,569,342,757,811,541,985,776,946,715,957,838
825,388,625,106,492,980,112,67,550,137,788,368,107,103,166,17,721,189,779,531,682,111,733,87,256,112,222,73,673,280,365,603,923,286,121,131,727,848,29,901,16,1004,137,520,748,814,850,484,901,725,717,83,465,176,35,316,801,51,215,733,126,938,93,449
301,365,601,193,125,216,531,295,580,949,129,138,116,802,364,210,1012,187,839,782,467,337,591,753,765,743,59,323,808,365,75,252,300,621,499,230,344,425,545,937,696,729,718,238,467,214,471,870,964,556,661,720,733,952,150,79,577,475,820,586,725,525,430,276
926,514,954,620,938,697,399,23,694,572,299,898,833,377,846,338,697,641,190,775,437,947,357,248,219,712,844,794,15,603,252,793,971,513,730,712,949,41,312,340,629,410,830,665,725,124,234,951,525,900,559,290,186,707,996,411,774,325,846,812,985,217,708,1002
727,494,533,678,171,100,189,798,15,44,320,994,138,877,351,312,988,700,577,866,234,457,604,844,195,320,426,536,589,923,300,971,1006,59,726,428,409,836,857,4,54,730,357,296,322,745,604,910,887,528,529,25,264,230,968,670,159,124,317,224,304,147,789,432
62,746,218,84,861,684,499,181,148,784,739,581,17,112,343,1001,315,924,355,36,886,912,944,551,945,930,12,221,423,286,621,513,59,198,778,423,315,204,528,571,105,1,196,14,316,802,400,540,913,516,1015,503,69,525,925,716,20,151,523,830,407,876,892,808
765,807,297,401,597,239,676,870,950,843,24,783,555,504,762,346,937,991,383,375,714,352,859,24,265,637,725,920,939,121,499,730,726,778,916,665,218,7,939,629,518,592,679,216,494,992,738,403,169,379,490,38,764,764,273,275,708,419,664,706,381,131,895,460
531,316,990,810,800,589,610,424,544,190,887,1019,249,184,507,698,1,396,1011,40,862,661,453,573,737,60,524,422,618,131,230,712,428,423,665,711,357,953,108,886,95,175,612,138,892,430,995,367,890,143,423,751,733,512,114,265,674,200,602,215,430,400,720,87
888,714,829,368,802,150,337,284,685,588,164,353,648,252,120,162,157,21,53,477,1008,963,375,145,368,624,778,222,635,727,344,949,409,315,218,357,425,458,900,595,543,115,655,267,74,895,59,461,341,934,404,97,499,83,504,513,778,857,772,326,234,1019,613,260
897,380,92,821,739,550,845,598,328,659,54,814,356,584,928,600,182,835,508,0,578,722,655,170,32,65,322,991,331,848,425,41,836,204,7,953,458,372,945,557,615,2,791,591,270,724,361,33,505,602,608,152,468,491,482,1017,696,329,581,791,915,447,559,526
893,275,372,463,569,413,811,889,572,815,288,57,750,11,43,948,257,669,782,609,735,270,517,542,888,751,278,431,183,29,545,312,857,528,939,108,900,945,29,965,16,270,959,794,220,757,698,405,294,179,350,979,144,867,1004,665,568,420,348,149,1004,455,360,299
674,885,646,120,137,830,457,785,355,201,818,224,733,209,31,721,414,204,770,496,301,530,157,214,240,80,860,491,129,901,937,340,4,571,629,886,595,557,965,509,620,973,273,588,260,194,801,959,79,42,550,342,357,657,29,555,389,587,1009,561,710,917,195,855
877,24,633,320,381,181,804,944,414,358,137,473,704,753,887,518,668,515,939,462,291,188,227,876,427,349,293,558,188,16,696,629,54,105,518,95,543,615,16,620,445,623,602,760,562,304,455,475,707,450,34,949,855,540,208,774,574,978,800,549,474,450,391,917
395,625,719,894,364,355,668,433,947,350,13,617,493,361,219,834,619,382,207,734,349,1009,907,440,985,640,47,1011,445,1004,729,410,730,1,592,175,115,2,270,973,623,74,89,576,804,823,999,203,846,699,849,547,111,406,264,227,342,787,518,713,289,969,151,557
373,69,886,763,868,851,1005,671,369,602,830,33,274,980,308,320,548,311,177,94,431,47,201,1016,653,683,337,955,806,137,718,830,357,196,679,612,655,791,959,273,602,89,48,133,837,478,571,349,195,224,191,11,98,856,425,853,440,903,700,258,187,1011,114,255
764,634,113,860,229,497,854,941,326,849,622,487,520,221,60,22,12,343,198,895,813,644,156,414,714,350,570,132,647,520,238,665,296,14,216,138,267,591,794,588,760,576,133,309,828,585,849,563,748,708,407,763,756,117,424,638,393,353,643,174,980,353,94,578
895,808,608,600,489,232,433,509,400,346,506,88,434,621,956,773,838,920,40,917,87,922,857,875,111,601,145,262,867,748,467,725,322,316,494,892,74,270,220,260,562,804,837,828,57,178,577,227,55,931,259,131,782,324,330,985,551,133,848,344,340,63,817,860
852,869,274,237,603,425,908,913,529,57,833,453,189,148,313,751,660,535,618,253,5,300,620,554,762,927,293,880,363,814,214,124,745,802,992,430,895,724,757,194,304,823,478,585,178,49,577,69,410,627,655,278,720,995,885,243,725,25,855,1014,448,804,829,239
843,318,498,277,173,258,905,928,570,1016,4,934,167,902,964,200,448,358,748,727,466,724,1018,507,349,454,641,394,827,850,471,234,604,400,738,995,59,361,698,801,455,999,571,849,577,577,562,760,641,134,646,223,491,260,908,625,738,426,191,959,457,193,226,990
805,472,321,434,953,653,278,562,394,517,96,739,626,983,789,661,919,661,467,961,425,163,611,813,199,63,555,588,881,484,870,951,910,540,403,367,461,33,405,959,475,203,349,563,227,69,760,113,484,660,723,859,784,404,0,382,326,904,530,655,704,900,354,1008
101,808,408,997,914,973,310,765,509,495,231,809,534,513,680,487,874,7,874,165,658,312,979,303,527,300,10,21,245,901,964,525,887,913,169,890,341,505,294,79,707,846,195,748,55,410,641,484,132,52,873,263,772,524,899,722,548,430,347,275,77,865,661,385
811,37,463,888,1017,571,439,257,866,223,187,26,696,231,211,893,596,66,726,571,52,453,4,693,404,474,787,688,41,725,556,900,528,516,379,143,934,602,179,42,450,699,224,708,931,627,134,660,52,345,613,786,3,246,225,44,826,1012,175,790,436,859,896,674
994,466,517,483,545,483,518,540,992,558,18,74,744,394,444,320,85,294,784,613,366,765,167,105,640,891,131,807,147,717,661,559,529,1015,490,423,404,608,350,550,34,849,191,407,259,655,646,723,873,613,258,353,260,725,412,329,508,571,434,336,551,467,872,511
121,453,486,174,970,492,584,232,232,787,445,736,793,957,503,657,18,803,181,579,305,80,866,114,592,297,911,611,462,83,720,290,25,503,38,751,97,152,979,342,949,547,11,763,131,278,223,859,263,786,353,753,54,426,829,876,74,951,732,195,367,564,82,198
933,141,110,973,121,50,206,276,27,119,484,143,949,902,149,201,354,926,598,894,293,406,27,332,792,612,777,566,547,465,733,186,264,69,764,733,499,468,144,357,855,111,98,756,782,720,491,784,772,3,260,54,919,158,890,574,298,235,712,763,208,1003,911,592
161,590,628,57,53,856,763,1,163,745,838,697,252,141,600,867,88,149,618,312,995,240,893,705,352,251,267,713,569,176,952,707,230,525,764,512,83,491,867,657,540,406,856,117,324,995,260,404,524,246,725,426,158,362,924,312,735,59,266,725,378,555,492,713
247,648,537,729,792,766,651,650,719,882,958,947,910,971,859,487,662,801,884,719,259,461,918,913,164,7,187,270,342,35,150,996,968,925,273,114,504,482,1004,29,208,264,425,424,330,885,908,0,899,225,412,829,890,924,805,64,73,766,72,902,51,888,357,921
114,194,749,251,421,587,653,348,348,932,991,150,645,607,858,654,179,376,902,831,185,937,481,377,568,100,10,837,757,316,79,411,670,716,275,265,513,1017,665,555,774,227,853,638,985,243,625,382,722,44,329,876,574,312,64,566,95,86,381,419,391,874,296,665
141,215,929,441,46,308,284,351,561,457,124,689,868,532,402,550,368,280,323,368,488,205,396,136,313,571,750,497,811,801,577,774,159,20,708,674,778,696,568,389,574,342,440,393,551,725,738,326,548,826,508,74,298,735,73,95,579,731,433,891,221,820,161,396
316,876,928,724,328,764,6,497,460,774,155,842,576,663,224,116,651,315,767,1001,388,968,881,332,139,963,37,724,541,51,475,325,124,151,419,200,857,329,420,587,978,787,903,353,133,25,426,904,430,1012,571,951,235,59,766,86,731,926,220,235,299,529,920,517
590,8,671,815,421,26,977,115,710,158,471,42,637,268,377,325,63,117,993,787,460,43,904,884,982,626,937,81,985,215,820,846,317,523,664,602,772,581,348,1009,800,518,700,643,848,855,191,530,347,175,434,732,712,266,72,381,433,220,728,649,543,399,885,524
721,385,916,368,513,634,135,169,834,407,45,266,755,351,369,324,812,741,137,452,442,396,46,533,350,956,670,177,776,733,586,812,224,830,706,215,326,791,149,561,549,713,258,174,344,1014,959,655,275,790,336,195,763,725,902,419,891,235,649,15,749,899,3,368
180,608,82,614,581,622,847,854,887,721,202,758,1001,856,298,856,1002,832,200,813,388,445,25,533,507,394,196,344,946,126,725,985,304,407,381,430,234,915,1004,710,474,289,187,980,340,448,457,704,77,436,551,367,208,378,51,391,221,299,543,749,371,353,382,500
495,898,306,295,723,794,320,544,741,682,413,937,859,948,322,976,876,461,487,136,816,17,932,1020,577,768,68,965,715,938,525,217,147,876,131,400,1019,447,455,917,450,969,1011,353,63,804,193,900,865,859,467,564,1003,555,888,874,820,529,399,899,353,875,850,14
595,193,90,415,508,421,491,207,339,433,396,514,884,325,605,342,435,531,397,490,786,282,1012,976,260,251,516,439,957,93,430,708,789,892,895,720,613,559,360,195,391,151,114,94,817,829,226,354,661,896,872,82,911,492,357,296,161,920,885,3,382,850,507,350
912,808,302,303,113,205,308,286,920,53,534,343,1001,541,345,64,1018,371,534,26,977,760,326,252,650,8,622,508,838,449,276,1002,432,808,460,87,260,526,299,855,917,557,255,578,860,239,990,1008,385,674,511,198,592,713,921,665,396,517,524,368,500,14,350,493
747,787,18,330,894,404,959,769,888,330,580,735,999,986,670,801,524,440,566,307,254,661,192,981,502,703,398,11,468,631,60,1010,864,347,36,18,847,943,292,750,606,633,342,259,17,744,192,489,176,938,117,928,948,590,156,529,655,838,985,293,534,45,906,914
553,765,96,912,734,832,152,826,78,447,44,558,700,648,766,173,220,69,747,820,968,446,621,694,663,900,714,866,642,528,620,924,336,900,365,883,961,118,672,898,362,948,892,359,1003,209,212,368,406,293,845,44,497,83,98,811,346,619,110,498,338,419,959,906
36,96,620,170,977,78,761,734,518,483,866,295,229,515,502,405,215,87,778,80,758,267,756,343,590,992,970,313,458,0,311,978,96,7,690,269,328,768,432,555,634,1009,623,356,534,748,193,661,309,396,103,507,273,436,582,407,120,822,168,883,870,186,534,152
660,912,170,685,535,906,660,453,118,937,734,537,110,83,154,544,272,924,441,716,400,47,1010,652,672,660,591,562,692,241,358,504,649,907,932,135,76,642,651,168,181,309,473,798,101,518,176,134,651,119,58,332,446,772,745,912,883,690,574,540,731,985,400,649
767,734,977,535,614,96,598,44,872,369,608,549,391,770,125,21,232,626,862,761,5,122,964,318,722,271,252,970,345,29,434,29,294,553,352,739,449,980,378,277,864,666,484,218,782,550,459,166,965,313,348,1018,831,755,81,200,461,635,41,422,655,945,79,248
808,832,78,906,96,306,501,1017,295,543,184,462,188,433,637,834,375,170,946,151,483,922,451,13,938,314,650,35,307,538,721,224,954,760,360,666,622,185,606,53,762,18,411,468,667,723,540,269,849,173,252,847,306,140,210,651,973,833,483,156,636,770,793,451
897,152,761,660,598,501,725,752,688,110,397,844,504,55,121,991,772,695,480,668,47,812,992,50,626,296,97,1008,228,999,328,625,690,761,53,243,402,248,881,70,228,507,2,860,409,657,533,202,498,788,672,561,156,782,710,983,2,821,948,697,271,484,121,545
517,826,734,453,44,1017,752,396,567,542,770,439,711,192,409,59,290,61,417,376,997,117,411,584,429,409,654,290,679,18,903,794,432,1004,644,810,890,77,733,35,836,212,956,964,850,219,319,762,141,997,76,1002,16,726,534,61,831,117,14,42,545,643,236,691
755,78,518,118,872,295,688,567,250,206,584,637,127,44,130,729,369,12,978,746,446,596,730,790,367,787,602,325,80,583,484,710,87,315,740,270,485,354,252,478,19,264,153,946,774,512,448,258,240,450,306,552,551,789,77,382,176,24,232,883,414,297,192,712
660,447,483,937,369,543,110,542,206,292,73,272,991,65,364,440,451,265,341,27,345,38,975,513,127,560,458,392,229,546,390,798,593,844,962,415,755,660,99,236,927,981,254,984,608,1003,451,947,567,570,926,876,304,923,637,192,596,291,893,604,635,984,773,522
139,44,866,734,608,184,397,770,584,73,1001,427,210,290,375,86,336,780,335,961,640,724,842,312,706,819,350,362,858,36,860,273,534,219,519,426,590,500,644,548,177,917,791,937,192,547,481,760,256,22,119,678,227,152,17,851,307,444,663,645,153,90,293,61
449,558,295,537,549,462,844,439,637,272,427,939,747,520,12,271,415,406,379,948,319,423,61,14,1004,496,723,816,169,151,940,596,920,209,704,694,171,574,949,585,538,1008,579,1020,876,691,856,811,215,826,795,491,526,342,366,132,699,679,196,212,100,483,399,792
977,700,229,110,391,188,504,711,127,991,210,747,228,469,416,341,341,14,1019,758,731,677,616,753,825,908,962,530,109,52,908,566,271,384,384,449,678,620,515,939,395,200,216,518,498,164,0,311,360,988,177,643,606,740,457,214,504,451,228,672,542,409,982,338
951,648,515,83,770,433,55,192,44,65,290,520,469,124,798,486,961,954,393,802,95,924,348,406,657,270,715,255,413,866,699,583,30,446,129,368,898,619,610,325,601,624,139,715,827,828,640,570,63,732,836,292,857,721,588,829,987,53,927,558,981,20,348,190
319,766,502,154,125,637,121,409,130,364,375,12,416,798,194,397,78,319,737,751,995,787,714,252,872,464,584,598,1012,39,541,163,758,796,430,578,309,888,429,272,554,540,102,448,24,282,377,392,942,932,847,29,407,705,72,340,378,442,383,215,36,920,249,10
581,173,405,544,21,834,991,59,729,440,86,271,341,486,397,807,776,882,677,930,422,785,691,159,59,165,347,320,224,687,524,716,929,742,224,371,568,119,550,658,211,32,849,432,924,594,34,749,240,36,125,962,898,779,457,642,816,708,751,882,154,265,582,59
27,220,215,272,232,375,772,290,369,451,336,415,341,961,78,776,590,113,54,348,720,326,230,498,473,963,922,994,1016,709,862,269,700,357,683,214,181,230,348,489,136,520,362,304,1002,676,966,903,864,454,151,994,313,650,328,933,972,104,186,690,90,837,75,572
880,69,87,924,626,170,695,61,12,265,780,406,14,954,319,882,113,783,805,865,252,165,133,544,381,209,589,597,458,170,454,846,718,641,347,493,897,410,169,847,798,466,996,932,56,353,524,60,96,979,302,523,746,883,105,658,221,450,43,415,352,921,827,16
111,747,778,441,862,946,480,417,978,341,335,379,1019,393,737,677,54,805,573,709,310,59,479,16,280,7,905,53,772,203,154,903,787,708,451,9,722,836,909,478,156,253,15,748,283,925,468,738,175,965,330,54,72,201,192,414,136,160,679,726,225,342,862,255
614,820,80,716,761,151,668,376,746,27,961,948,758,802,751,930,348,865,709,18,516,624,963,215,663,976,492,59,819,756,652,95,893,597,370,680,969,200,124,218,954,726,5,387,596,398,118,583,586,547,717,900,530,402,510,691,353,365,843,489,716,166,791,846
508,968,758,400,5,483,47,997,446,345,640,319,731,95,995,422,720,252,310,516,332,399,360,589,911,127,130,237,43,247,697,642,926,555,826,309,158,257,530,600,788,706,77,874,502,810,513,987,955,338,96,172,209,839,901,449,920,15,175,833,430,144,150,536
301,446,267,47,122,922,812,117,596,38,724,423,677,924,787,785,326,165,59,624,399,68,25,35,53,65,893,114,686,1005,237,507,304,134,494,304,618,488,733,79,352,139,554,192,67,617,658,885,739,504,814,426,481,708,778,109,111,730,5,116,261,414,910,325
384,621,756,1010,964,451,992,411,730,975,842,61,616,348,714,691,230,133,479,963,360,25,764,510,210,819,49,321,55,676,815,920,736,243,633,803,634,73,37,485,451,200,254,768,307,936,989,410,434,194,834,102,925,420,937,440,940,101,671,454,100,6,589,374
941,694,343,652,318,13,50,584,790,513,312,14,753,406,252,159,498,544,16,215,589,35,510,939,255,194,247,1011,311,886,338,23,859,214,552,963,258,183,846,409,333,566,414,369,616,679,688,538,886,764,503,312,41,133,82,747,430,881,550,655,199,275,491,264
1004,663,590,672,722,938,626,429,367,127,706,1004,825,657,872,59,473,381,280,663,911,53,210,255,923,704,135,237,821,994,94,277,522,147,544,7,512,10,555,694,524,547,681,262,741,368,228,143,868,174,242,442,541,724,964,72,688,879,865,295,830,684,971,117
385,900,992,660,271,314,296,409,787,560,819,496,908,270,464,165,963,209,7,976,127,65,819,194,704,864,694,966,920,29,933,593,586,852,623,93,780,884,879,670,908,639,395,32,14,290,844,558,452,346,113,471,104,351,714,905,521,672,624,19,780,505,310,707
796,714,970,591,252,650,97,654,602,458,350,723,962,715,584,347,922,589,905,492,130,893,49,247,135,694,674,356,174,859,528,221,923,41,401,375,465,628,999,72,785,756,1011,147,602,490,620,132,36,391,575,796,281,94,292,142,889,266,847,88,715,406,241,193
22,866,313,562,970,35,1008,290,325,392,362,816,530,255,598,320,994,597,53,59,237,114,321,1011,237,966,356,903,295,673,147,858,697,472,814,773,223,580,842,93,941,136,508,560,623,932,799,98,71,265,53,385,786,222,543,276,908,43,751,522,735,451,289,555
936,642,458,692,345,307,228,679,80,229,858,169,109,413,1012,224,1016,458,772,819,43,686,55,311,821,920,174,295,381,604,1003,623,407,449,844,662,888,437,695,690,465,693,706,984,890,932,410,738,327,754,75,43,326,214,206,288,451,372,739,377,258,618,765,96
241,528,0,241,29,538,999,18,583,546,36,151,52,866,39,687,709,170,203,756,247,1005,676,886,994,29,859,673,604,711,59,552,375,779,297,959,876,1003,285,46,442,14,148,15,272,368,871,639,400,137,744,16,492,310,980,381,773,126,1019,475,260,572,425,210
120,620,311,358,434,721,328,903,484,390,860,940,908,699,541,524,862,454,154,652,697,237,815,338,94,933,528,147,1003,59,260,832,924,223,894,511,53,724,354,37,616,918,344,457,514,211,597,533,449,390,78,172,0,237,485,444,56,399,883,902,789,67,17,329
999,924,978,504,29,224,625,794,710,798,273,596,566,583,163,716,269,846,903,95,642,507,920,23,277,593,221,858,623,552,832,632,680,18,437,1009,359,425,476,924,513,946,206,843,396,743,894,407,523,390,839,62,938,175,722,160,70,813,282,176,709,234,992,828
707,336,96,649,294,954,690,432,87,593,534,920,271,30,758,929,700,718,787,893,926,304,736,859,522,586,923,697,407,375,924,680,747,894,133,285,360,111,995,952,233,822,424,145,51,58,553,884,348,972,374,584,237,402,871,348,917,974,106,89,642,613,24,663
694,900,7,907,553,760,761,1004,315,844,219,209,384,446,796,742,357,641,708,597,555,134,243,214,147,852,41,472,449,779,223,18,894,862,742,505,37,930,587,304,240,732,761,653,828,882,48,494,312,332,717,549,48,933,28,607,231,210,781,572,1014,432,284,217
72,365,690,932,352,360,53,644,740,962,519,704,384,129,430,224,683,347,451,370,826,494,633,552,544,623,401,814,844,297,894,437,133,742,213,494,54,513,239,896,803,179,961,423,463,818,823,497,478,57,507,181,224,695,669,932,921,38,676,685,362,685,625,642
36,883,269,135,739,666,243,810,270,415,426,694,449,368,578,371,214,493,9,680,309,304,803,963,7,93,375,773,662,959,511,1009,285,505,494,783,970,384,822,738,835,11,862,771,413,404,246,807,242,653,542,182,828,981,578,983,739,366,963,466,356,555,22,408
673,961,328,76,449,622,402,890,485,755,590,171,678,898,309,568,181,897,722,969,158,618,634,258,512,780,465,223,888,876,53,359,360,37,54,970,92,258,883,761,967,497,842,852,712,862,388,1012,982,727,328,168,939,711,274,385,428,643,156,634,659,714,338,401
865,118,768,642,980,185,248,77,354,660,500,574,620,619,888,119,230,410,836,200,257,488,73,183,10,884,628,580,437,1003,724,425,111,930,513,384,258,591,197,91,423,777,487,783,280,696,607,563,476,657,353,64,51,232,518,740,289,218,314,349,992,442,72,951
584,672,432,651,378,606,881,733,252,99,644,949,515,610,429,550,348,169,909,124,530,733,37,846,555,879,999,842,695,285,354,476,995,587,239,822,883,197,820,880,922,413,718,936,767,25,871,71,238,102,393,236,378,879,698,422,530,981,411,672,132,350,34,692
479,898,555,168,277,53,70,35,478,236,548,585,939,325,272,658,489,847,478,218,600,79,485,409,694,670,72,93,690,46,37,924,952,304,896,738,761,91,880,630,870,863,862,702,681,942,510,546,718,995,1006,707,43,844,783,488,93,723,318,194,30,745,970,104
191,362,634,181,864,762,228,836,19,927,177,538,395,601,554,211,136,798,156,954,788,352,451,333,524,908,785,941,465,442,616,513,233,240,803,835,967,423,922,870,571,298,847,607,877,145,617,136,282,601,288,813,152,968,634,454,681,451,506,697,807,650,815,278
245,948,1009,309,666,18,507,212,264,981,917,1008,200,624,540,32,520,466,253,726,706,139,200,566,547,639,756,136,693,14,918,946,822,732,179,11,497,777,413,863,298,555,43,1,71,552,792,353,19,596,408,754,717,963,639,827,812,464,830,98,296,877,979,711
684,892,623,473,484,411,2,956,153,254,791,579,216,139,102,849,362,996,15,5,77,554,254,414,681,395,1011,508,706,148,344,206,424,761,961,862,842,487,718,862,847,43,730,528,697,718,288,675,667,847,41,312,544,388,135,997,610,170,56,429,168,625,773,701
518,359,356,798,218,468,860,964,946,984,937,1020,518,715,448,432,304,932,748,387,874,192,768,369,262,32,147,560,984,15,457,843,145,653,423,771,852,783,936,702,607,1,528,405,154,433,601,602,482,112,751,852,1004,737,746,939,355,202,790,126,758,64,347,62
34,1003,534,101,782,667,409,850,774,608,192,876,498,827,24,924,1002,56,283,596,502,67,307,616,741,14,602,623,890,272,514,396,51,828,463,413,712,280,767,681,877,71,697,154,141,37,747,408,47,386,923,422,24,341,520,104,531,975,272,98,22,480,374,667
467,209,748,518,550,723,657,219,512,1003,547,691,164,828,282,594,676,353,925,398,810,617,936,679,368,290,490,932,932,368,211,743,58,882,818,404,862,696,25,942,145,552,718,433,37,455,865,192,312,858,57,95,780,828,720,112,724,601,283,168,841,332,800,312
384,212,193,176,459,540,533,319,448,451,481,856,0,640,377,34,966,524,468,118,513,658,989,688,228,844,620,799,410,871,597,894,553,48,823,246,388,607,871,510,617,792,288,601,747,865,921,769,1003,1004,30,415,899,138,420,319,182,32,497,5,478,140,270,133
978,368,661,134,166,269,202,762,258,947,760,811,311,570,392,749,903,60,738,583,987,885,410,538,143,558,132,98,738,639,533,407,884,494,497,807,1012,563,71,546,136,353,675,602,408,192,769,711,440,175,341,834,794,491,758,490,648,78,775,807,325,416,494,979
352,406,309,651,965,849,498,141,240,567,256,215,360,63,942,240,864,96,175,586,955,739,434,886,868,452,36,71,327,400,449,523,348,312,478,242,982,476,238,718,282,19,667,482,47,312,1003,440,904,798,979,720,426,393,561,66,386,370,388,74,745,679,104,361
855,293,396,119,313,173,788,997,450,570,22,826,988,732,932,36,454,979,965,547,338,504,194,764,174,346,391,265,754,137,390,390,972,332,57,653,727,657,102,995,601,596,847,112,386,858,1004,175,798,687,156,571,319,496,722,457,809,696,690,326,428,433,546,146
234,845,103,58,348,252,672,76,306,926,119,795,177,836,847,125,151,302,330,717,96,814,834,503,242,113,575,53,75,744,78,839,374,717,507,542,328,353,393,1006,288,408,41,751,923,57,30,341,979,156,279,776,641,648,392,444,767,108,634,23,14,295,475,185
835,44,507,332,1018,847,561,1002,552,876,678,491,643,292,29,962,994,523,54,900,172,426,102,312,442,471,796,385,43,16,172,62,584,549,181,182,168,64,236,707,813,754,312,852,422,95,415,834,720,571,776,349,84,537,370,702,764,705,462,322,911,56,955,329
875,497,273,446,831,306,156,16,551,304,227,526,606,857,407,898,313,746,72,530,209,481,925,41,541,104,281,786,326,492,0,938,237,48,224,828,939,51,378,43,152,717,544,1004,24,780,899,794,426,319,641,84,245,827,847,690,640,97,393,329,364,550,931,770
159,83,436,772,755,140,782,726,789,923,152,342,740,721,705,779,650,883,201,402,839,708,420,133,724,351,94,222,214,310,237,175,402,933,695,981,711,232,879,844,968,963,388,737,341,828,138,491,393,496,648,537,827,555,126,785,23,328,985,435,989,218,365,602
312,98,582,745,81,210,710,534,77,637,17,366,457,588,72,457,328,105,192,510,901,778,937,82,964,714,292,543,206,980,485,722,871,28,669,578,274,518,698,783,634,639,135,746,520,720,420,758,561,722,392,370,847,126,493,480,473,911,370,624,289,804,910,616
37,811,407,912,200,651,983,61,382,192,851,132,214,829,340,642,933,658,414,691,449,109,440,747,72,905,142,276,288,381,444,160,348,607,932,983,385,740,422,488,454,827,997,939,104,112,319,490,66,457,444,702,690,785,480,181,347,515,550,224,439,981,34,308
289,346,120,883,461,973,2,831,176,596,307,699,504,987,378,816,972,221,136,353,920,111,940,430,688,521,889,908,451,773,56,70,917,231,921,739,428,289,530,93,681,812,610,355,531,724,182,648,386,809,767,764,640,23,473,347,223,1007,369,365,916,690,379,439
655,619,822,690,635,833,821,117,24,291,444,679,451,53,442,708,104,450,160,365,15,730,101,881,879,672,266,43,372,126,399,813,974,210,38,366,643,218,981,723,451,464,170,202,975,601,32,78,370,696,108,705,97,328,911,515,1007,77,822,40,616,314,74,71
949,110,168,574,41,483,948,14,232,893,663,196,228,927,383,751,186,43,679,843,175,5,671,550,865,624,847,751,739,1019,883,282,106,781,676,963,156,314,411,318,506,830,56,790,272,283,497,775,388,690,634,462,393,985,370,550,369,822,769,52,459,0,6,656
586,498,883,540,422,156,697,42,883,604,645,212,672,558,215,882,690,415,726,489,833,116,454,655,295,19,88,522,377,475,902,176,89,572,685,466,634,349,672,194,697,98,429,126,98,168,5,807,74,326,23,322,329,435,624,224,365,40,52,167,457,151,582,956
47,338,870,731,655,636,271,545,414,635,153,100,542,981,36,154,90,352,225,716,430,261,100,199,830,780,715,735,258,260,789,709,642,1014,362,356,659,992,132,30,807,296,168,758,22,841,478,325,745,428,14,911,364,989,289,439,916,616,459,457,880,18,80,947
90,419,186,985,945,770,484,643,297,984,90,483,409,20,920,265,837,921,342,166,144,414,6,275,684,505,406,451,618,572,67,234,613,432,685,555,714,442,350,745,650,877,625,64,480,332,140,416,679,433,295,56,550,218,804,981,690,314,0,151,18,809,383,145
791,959,534,400,79,793,121,236,192,773,293,399,982,348,249,582,75,827,862,791,150,910,589,491,971,310,241,289,765,425,17,992,24,284,625,22,338,72,34,970,815,979,773,347,374,800,270,494,104,546,475,955,931,365,910,34,379,74,6,582,80,383,874,457
807,906,152,649,248,451,545,691,712,522,61,792,338,190,10,59,572,16,255,846,536,325,374,264,117,707,193,555,96,210,329,828,663,217,642,408,401,951,692,104,278,711,701,62,667,312,133,979,361,146,185,329,770,602,616,308,439,71,656,956,947,145,457,729
679,176,478,740,599,642,564,123,51,963,39,401,328,330,518,509,977,7,624,121,113,184,362,926,602,192,491,9,235,724,386,376,976,253,570,270,627,373,814,706,821,857,386,245,111,540,1008,403,190,723,865,18,408,518,936,1001,539,793,471,324,255,410,988,808
352,136,916,56,361,142,765,615,65,90,343,367,731,846,839,474,516,580,128,737,305,475,89,964,97,72,201,726,733,621,79,341,629,525,523,176,643,420,58,614,542,186,81,497,785,98,943,177,105,34,741,252,536,323,498,454,773,1010,96,726,734,222,197,988
956,916,257,818,21,863,650,584,603,524,379,272,557,910,284,337,121,630,69,191,986,26,715,376,853,935,837,916,877,385,190,977,956,646,582,626,363,976,427,209,179,951,932,376,373,648,301,242,852,421,598,220,780,1019,947,290,386,304,794,182,438,111,255,623
459,56,818,222,299,529,682,638,22,892,453,569,451,1016,408,952,451,631,693,318,933,205,313,604,193,597,629,988,568,446,262,805,994,1013,749,769,959,370,106,1013,618,925,225,808,239,576,968,976,558,395,921,105,703,383,811,879,842,170,390,506,580,471,537,288
177,361,21,299,730,118,517,120,927,972,61,632,7,970,663,522,441,514,880,414,558,199,94,130,348,908,748,281,557,445,40,279,862,76,179,61,776,89,956,515,738,913,801,88,1011,559,230,263,519,37,923,383,729,495,315,342,663,928,903,788,539,1006,504,935
263,142,863,529,118,718,577,806,49,96,130,520,130,675,63,152,585,690,235,99,701,447,16,859,845,499,560,317,158,151,462,97,382,28,409,186,212,341,498,681,810,614,776,1004,408,665,875,794,763,26,520,526,175,661,26,99,428,375,305,936,193,572,383,216
107,765,650,682,517,577,1007,506,996,228,555,649,167,244,164,126,401,306,930,522,1009,518,191,731,1010,497,68,437,932,175,208,565,284,715,35,560,772,621,66,793,557,673,817,75,658,724,208,354,301,225,650,312,458,727,445,112,832,826,408,731,969,591,284,469
246,615,584,638,120,806,506,176,685,434,747,202,763,677,307,413,868,641,593,819,339,753,212,342,383,579,374,683,454,989,278,395,898,291,866,621,969,497,916,963,656,760,993,471,391,201,203,736,837,925,17,582,864,242,813,157,510,865,231,441,108,681,677,68
102,65,603,22,927,49,996,685,635,183,81,861,712,826,926,28,653,134,530,410,563,33,904,885,932,260,173,391,740,557,155,611,402,28,877,254,346,243,373,779,145,976,414,288,14,891,729,686,339,629,857,569,366,950,975,190,190,936,898,629,153,194,465,208
905,90,524,892,972,96,228,434,183,282,297,591,924,961,547,145,315,542,972,274,104,714,706,473,762,526,277,230,494,927,890,162,762,988,437,602,549,222,106,576,78,820,271,978,788,542,353,332,478,271,160,641,655,78,327,1008,616,223,313,610,715,958,746,397
78,343,379,453,61,130,555,747,81,297,792,360,840,645,180,834,34,132,286,666,425,777,283,583,67,779,583,380,417,827,934,20,748,150,713,732,478,412,425,426,230,394,363,771,485,250,145,145,264,9,55,246,353,32,111,753,20,1014,956,399,394,246,890,538
802,367,272,569,632,520,649,202,861,591,360,20,81,59,932,69,651,799,847,437,318,1015,654,898,600,124,882,770,713,424,978,499,429,473,445,589,595,681,732,79,742,794,894,891,233,88,42,77,697,48,95,788,644,386,458,144,130,753,79,740,951,326,38,493
656,731,557,451,7,130,167,763,712,924,840,81,260,368,969,749,834,345,950,499,6,195,609,671,955,703,311,194,777,864,1010,366,224,724,349,308,792,915,335,27,643,221,301,356,494,25,20,594,882,783,781,493,821,49,419,856,877,216,537,631,672,743,950,521
660,846,910,1016,970,675,244,677,826,961,645,59,368,149,185,713,443,985,1018,519,376,621,212,666,774,121,15,318,345,342,252,735,661,100,587,552,628,446,210,899,527,150,704,925,148,426,577,825,680,594,160,814,919,854,447,131,942,661,768,469,423,275,205,457
15,839,284,408,663,63,164,307,926,547,180,932,969,185,914,900,864,95,554,895,113,393,678,315,853,86,128,166,904,754,67,547,611,524,303,907,206,944,1010,710,406,1010,774,496,857,700,210,663,537,57,627,586,847,296,566,533,936,473,593,560,72,906,803,705
1018,474,337,952,522,152,126,413,28,145,834,69,749,713,900,44,552,433,993,148,912,170,496,865,648,860,237,714,575,629,28,964,410,814,844,978,202,770,423,517,172,9,802,706,27,641,786,943,40,570,483,660,984,559,382,350,64,868,265,196,22,600,385,346
933,516,121,451,441,585,401,868,653,315,34,651,834,443,864,552,634,429,27,1010,205,1015,357,829,872,799,425,646,439,870,505,912,146,730,468,139,521,702,277,906,120,985,962,333,490,113,353,163,976,466,603,881,372,49,343,934,282,877,471,748,724,522,143,701
14,580,630,631,514,690,306,641,134,542,132,799,345,985,95,433,429,228,446,84,92,392,327,364,980,437,187,150,941,315,733,708,211,821,25,11,639,28,164,901,698,52,516,746,419,202,511,386,589,1009,864,315,967,156,601,275,726,906,339,999,227,267,838,818
227,128,69,693,880,235,930,593,530,972,286,847,950,1018,554,993,27,446,285,549,271,425,399,478,950,368,162,482,26,804,518,32,362,527,364,525,539,101,652,977,833,229,857,602,458,817,235,937,419,987,721,950,99,498,88,393,899,188,413,839,542,543,942,137
242,737,191,318,414,99,522,819,410,274,666,437,499,519,895,148,1010,84,549,472,882,278,576,985,887,675,663,38,345,229,103,172,348,926,6,892,1008,142,914,584,508,617,315,569,1000,491,222,268,314,131,52,505,481,31,290,712,876,406,688,977,134,196,863,124
226,305,986,933,558,701,1009,339,563,104,425,318,6,376,113,912,205,92,271,882,479,12,864,985,710,161,551,526,241,665,904,419,736,848,433,489,495,800,74,445,368,594,329,713,602,405,524,620,1001,400,936,604,437,273,655,773,219,355,970,1004,631,454,399,726
368,475,26,205,199,447,518,753,33,714,777,1015,195,621,393,170,1015,392,425,278,12,44,421,589,259,586,24,754,846,916,981,447,919,243,310,36,281,427,331,879,531,80,992,362,118,635,803,236,706,785,952,868,396,40,756,162,252,783,671,624,303,834,317,275
724,89,715,313,94,16,191,212,904,706,283,654,609,212,678,496,357,327,399,576,864,421,790,716,465,122,789,344,408,141,459,460,975,381,867,102,989,833,211,417,591,929,113,397,395,516,347,889,20,237,717,744,471,879,568,235,726,568,437,991,827,166,710,612
831,964,376,604,130,859,731,342,885,473,583,898,671,666,315,865,829,364,478,985,985,589,716,666,579,668,442,443,660,972,641,987,943,578,173,799,654,773,919,944,815,624,334,146,795,107,602,131,420,973,29,320,206,999,358,111,551,380,888,640,854,703,461,435
183,97,853,193,348,845,1010,383,932,762,67,600,955,774,853,648,872,980,950,887,710,259,465,579,869,899,322,758,1007,139,479,103,590,735,510,725,583,740,485,296,977,220,657,732,879,881,912,133,63,212,576,512,848,706,542,674,786,871,583,751,516,128,428,870
384,72,935,597,908,499,497,579,260,526,779,124,703,121,86,860,799,437,368,675,161,586,122,668,899,523,194,886,237,514,622,82,916,522,266,294,811,295,117,518,722,1010,618,369,818,663,412,844,946,687,695,83,1012,391,1,196,994,989,734,459,25,241,537,1014
982,201,837,629,748,560,68,374,173,277,583,882,311,15,128,237,425,187,162,663,551,24,789,442,322,194,66,694,393,720,117,414,14,447,306,352,6,188,328,543,551,99,722,704,153,349,595,204,447,408,194,174,647,307,45,321,399,857,865,8,184,434,827,688
18,726,916,988,281,317,437,683,391,230,380,770,194,318,166,714,646,150,482,38,526,754,344,443,758,886,694,594,156,1017,512,49,966,819,533,18,750,39,614,361,941,263,185,506,235,85,141,198,687,975,908,758,490,301,627,248,184,275,131,590,417,770,585,834
470,733,877,568,557,158,932,454,740,494,417,713,777,345,904,575,439,941,26,345,241,846,408,660,1007,237,393,156,197,969,949,43,854,31,531,931,51,155,72,1012,73,6,47,737,438,27,709,624,726,166,518,203,412,810,504,490,124,479,0,540,155,568,777,918
427,621,385,446,445,151,175,989,557,927,827,424,864,342,754,629,870,315,804,229,665,916,141,972,139,514,720,1017,969,129,500,733,129,566,429,564,336,84,553,805,77,878,558,1000,529,41,510,216,103,269,482,172,523,615,673,380,785,870,888,586,691,162,901,964
772,79,190,262,40,462,208,278,155,890,934,978,1010,252,67,28,505,733,518,103,904,981,459,641,479,622,117,512,949,500,934,586,445,527,599,855,597,734,817,639,589,629,810,350,603,1012,569,1010,780,419,944,802,375,386,491,968,105,173,435,18,593,3,349,1004
