418,509,386,760,35,53,593,931,923,391,425,940,82,254,902,124,133,604,551,302,404,90,595,189,526,1013,163,454,173,855,343,44,537,1004,308,222,207,92,472,942,561,651,1017,976,560,165,506,480,685,994,36,998,344,879,195,32,770,464,767,601,577,910,528,378
1018,804,248,421,813,628,984,495,301,327,310,507,173,984,378,14,728,684,906,955,392,999,279,100,181,689,446,336,288,516,899,880,27,845,205,515,314,679,13,12,572,557,606,556,120,45,645,170,453,721,971,380,856,539,911,965,496,516,44,323,490,84,267,528
772,248,453,562,979,670,958,444,1018,850,1005,645,306,43,215,858,432,426,537,694,125,491,930,82,758,643,699,847,506,498,710,838,651,266,744,75,780,143,768,743,468,897,100,816,502,435,224,138,542,457,8,852,231,9,93,322,962,633,326,353,274,979,577,532
499,421,562,1011,419,288,130,460,993,675,164,804,515,558,523,633,556,285,214,728,793,56,294,567,544,768,23,869,36,700,437,481,56,550,136,1009,925,869,873,203,47,11,86,46,110,681,949,596,142,850,338,880,5,806,441,90,459,772,942,277,842,767,223,49
70,813,979,419,320,900,811,679,117,307,474,34,35,995,976,221,486,344,476,313,659,596,714,756,577,945,938,233,42,996,471,676,380,947,815,986,77,634,304,177,767,257,978,401,225,624,32,953,904,23,701,512,434,437,803,578,921,768,723,410,770,86,239,712
106,628,670,288,900,843,428,468,1014,937,177,726,514,453,693,829,9,677,443,407,116,296,37,724,136,747,134,111,172,834,214,370,546,645,776,904,695,533,959,868,387,713,572,136,915,597,628,340,834,755,197,255,944,431,574,613,887,872,236,195,675,242,575,190
165,984,958,130,811,428,500,763,267,884,168,657,123,212,306,481,1020,108,608,246,44,578,306,438,894,346,941,73,903,411,733,84,635,375,734,485,339,1020,76,148,814,702,892,65,508,919,905,509,191,1008,309,629,252,60,241,883,564,355,344,501,688,143,193,884
841,495,444,460,679,468,763,299,633,519,343,586,355,997,0,497,580,951,932,245,708,54,979,476,648,67,285,712,312,802,281,998,934,724,84,169,810,903,209,22,463,993,195,243,69,816,800,756,683,766,419,306,766,62,369,192,351,36,620,837,990,639,452,3
825,301,1018,993,117,1014,267,633,551,92,937,41,439,143,167,99,428,383,588,373,255,88,224,168,670,587,859,524,611,182,46,110,66,643,159,409,733,1020,849,524,201,977,344,199,551,971,667,974,310,94,763,556,116,54,13,858,685,616,529,88,788,278,449,589
782,327,850,675,307,937,884,519,92,969,811,790,850,630,242,98,923,65,845,598,774,425,298,418,107,441,826,758,394,876,11,135,840,522,968,723,619,679,314,7,17,573,981,652,80,402,124,221,385,307,231,573,865,67,543,506,102,157,84,480,397,598,415,446
850,310,1005,164,474,177,168,343,937,811,822,599,981,949,561,45,756,364,75,225,768,984,619,237,189,346,340,696,2,223,965,741,591,144,65,157,669,934,858,828,379,21,881,862,503,254,977,556,218,522,117,540,524,333,560,808,999,591,108,393,290,534,595,847
859,507,645,804,34,726,657,586,41,790,599,1013,698,912,752,198,507,766,765,245,435,962,923,390,476,88,216,605,525,91,953,400,45,134,354,11,472,848,427,209,832,687,923,732,15,57,686,974,693,28,831,68,8,1017,598,32,276,950,900,939,530,287,966,149
164,173,306,515,35,514,123,355,439,850,981,698,944,501,549,193,208,908,936,975,439,374,733,141,289,346,353,45,694,234,547,257,964,255,80,669,190,986,199,431,517,713,538,76,286,447,54,823,784,1002,1000,299,561,273,489,66,1004,585,760,16,936,962,862,119
508,984,43,558,995,453,212,997,143,630,949,912,501,581,963,559,594,378,97,109,914,210,613,632,11,554,175,442,775,129,559,90,467,910,570,259,162,562,990,507,312,368,887,92,508,283,584,885,111,735,470,472,564,33,762,440,375,814,722,757,448,490,115,713
783,378,215,523,976,693,306,0,167,242,561,752,549,963,591,343,729,804,572,36,901,132,109,483,897,861,643,905,898,79,693,769,36,782,68,63,631,166,870,871,358,486,943,298,89,645,93,893,836,600,207,735,965,32,1005,50,250,512,811,133,311,622,341,1017
248,14,858,633,221,829,481,497,99,98,45,198,193,559,343,761,553,923,743,343,275,800,2,374,312,986,570,78,209,441,289,639,63,215,275,440,67,939,47,721,24,933,918,940,435,920,954,44,361,308,865,700,203,916,341,815,187,247,944,365,307,162,503,649
266,728,432,556,486,9,1020,580,428,923,756,507,208,594,729,553,955,492,694,982,242,145,44,852,463,21,421,895,642,419,387,604,818,577,587,279,748,969,790,221,275,456,930,34,750,744,871,422,537,626,801,333,651,512,726,478,812,619,822,97,216,188,470,507
187,684,426,285,344,677,108,951,383,65,364,766,908,378,804,923,492,726,731,593,852,507,995,133,561,919,346,985,84,588,734,566,97,169,581,895,160,599,122,344,653,272,593,740,343,701,212,343,687,9,94,752,642,461,649,723,910,366,793,673,999,524,192,842
81,906,537,214,476,443,608,932,588,845,75,765,936,97,572,743,694,731,625,601,858,681,596,704,589,886,462,556,931,399,767,227,938,101,477,462,746,334,153,554,341,790,82,902,691,832,173,477,836,155,981,403,562,779,458,60,277,63,217,674,981,1003,896,706
604,955,694,728,313,407,246,245,373,598,225,245,975,109,36,343,982,593,601,890,430,947,390,31,8,132,75,408,871,89,913,118,231,225,1003,328,636,300,766,150,691,151,78,33,370,163,76,666,966,787,464,791,540,559,190,12,234,128,965,525,678,332,496,54
808,392,125,793,659,116,44,708,255,774,768,435,439,914,901,275,242,852,858,430,979,139,382,715,595,218,78,390,587,364,461,917,426,112,76,156,903,47,297,903,981,1000,102,567,526,635,656,565,617,254,597,601,788,972,113,364,884,115,436,969,897,171,511,811
180,999,491,56,596,296,578,54,88,425,984,962,374,210,132,800,145,507,681,947,139,414,464,946,925,541,533,257,904,959,368,769,798,277,286,651,588,900,184,107,191,932,468,595,832,1019,103,607,874,427,391,594,12,342,125,985,245,171,119,808,462,55,486,457
169,279,930,294,714,37,306,979,224,298,619,923,733,613,109,2,44,995,596,390,382,464,978,674,892,219,720,26,629,908,246,249,620,972,852,718,648,725,710,493,58,680,404,733,67,300,970,412,417,1011,424,823,148,186,193,6,272,249,543,633,987,777,1,696
378,100,82,567,756,724,438,476,168,418,237,390,141,632,483,374,852,133,704,31,715,946,674,924,989,50,733,71,30,937,789,97,423,174,383,849,855,458,13,661,982,551,945,897,201,18,609,780,549,414,422,999,997,1020,67,501,10,644,763,722,948,933,987,565
31,181,758,544,577,136,894,648,670,107,189,476,289,11,897,312,463,561,589,8,595,925,892,989,82,482,422,737,379,932,788,963,672,855,171,520,659,143,409,502,133,226,23,413,848,510,849,746,777,981,989,596,850,878,307,71,873,524,823,57,668,137,476,291
1005,689,643,768,945,747,346,67,587,441,346,88,346,554,861,986,21,919,886,132,218,541,219,50,482,454,486,730,618,230,85,342,374,669,992,1002,829,610,632,902,767,626,715,995,722,658,647,846,157,331,134,840,477,137,882,679,585,31,839,769,267,211,462,932
326,446,699,23,938,134,941,285,859,826,340,216,353,175,643,570,421,346,462,75,78,533,720,733,422,486,762,367,581,792,805,517,339,511,479,280,953,297,82,897,374,235,577,3,805,859,655,58,400,331,182,15,127,481,509,375,858,900,998,28,312,592,667,171
908,336,847,869,233,111,73,712,524,758,696,605,45,442,905,78,895,985,556,408,390,257,26,71,737,730,367,613,541,135,203,802,654,149,820,430,769,425,562,575,365,325,544,387,140,802,270,209,232,251,212,490,19,499,995,688,690,804,89,541,353,768,301,756
346,288,506,36,42,172,903,312,611,394,2,525,694,775,898,209,642,84,931,871,587,904,629,30,379,618,581,541,167,973,132,340,612,963,100,288,923,13,918,30,526,674,135,681,384,572,356,444,60,113,559,216,862,533,678,289,634,900,347,414,997,62,857,130
689,516,498,700,996,834,411,802,182,876,223,91,234,129,79,441,419,588,399,89,364,959,908,937,932,230,792,135,973,164,89,963,649,563,431,593,553,395,502,869,339,336,811,132,92,959,746,207,325,368,117,931,730,20,848,624,499,177,204,803,123,65,912,101
686,899,710,437,471,214,733,281,46,11,965,953,547,559,693,289,387,734,767,913,461,368,246,789,788,85,805,203,132,89,995,398,914,117,35,696,65,21,346,811,679,476,333,222,707,266,810,627,515,329,740,631,89,24,987,37,167,824,633,934,892,973,330,782
88,880,838,481,676,370,84,998,110,135,741,400,257,90,769,639,604,566,227,118,917,769,249,97,963,342,517,802,340,963,398,946,887,386,382,528,164,16,330,156,948,676,908,908,396,558,147,97,631,887,843,919,946,35,234,530,362,623,533,722,763,136,843,229
53,27,651,56,380,546,635,934,66,840,591,45,964,467,36,63,818,97,938,231,426,798,620,423,672,374,339,654,612,649,914,887,418,131,879,871,479,473,847,467,153,359,230,61,759,277,866,151,469,124,45,137,865,135,599,559,986,71,712,362,987,633,35,61
987,845,266,550,947,645,375,724,643,522,144,134,255,910,782,215,577,169,101,225,112,277,972,174,855,669,511,149,963,563,117,386,131,911,620,830,159,289,610,844,899,728,533,81,963,46,281,217,665,648,439,1012,347,408,460,34,268,54,921,977,232,886,872,827
616,205,744,136,815,776,734,84,159,968,65,354,80,570,68,275,587,581,477,1003,76,286,852,383,171,992,479,820,100,431,35,382,879,620,862,929,640,296,286,21,398,52,579,414,389,967,418,795,396,980,594,649,555,672,864,169,123,97,319,791,876,471,657,811
444,515,75,1009,986,904,485,169,409,723,157,11,669,259,63,440,279,895,462,328,156,651,718,849,520,1002,280,430,288,593,696,528,871,830,929,672,45,637,728,861,195,249,954,887,418,761,460,597,89,342,169,137,974,1011,381,953,1019,388,988,218,9,647,410,851
414,314,780,925,77,695,339,810,733,619,669,472,190,162,631,67,748,160,746,636,903,588,648,855,659,829,953,769,923,553,65,164,479,159,640,45,669,477,191,902,712,76,557,958,238,932,940,775,543,299,906,494,593,683,79,210,197,889,287,206,1010,969,841,620
184,679,143,869,634,533,1020,903,1020,679,934,848,986,562,166,939,969,599,334,300,47,900,725,458,143,610,297,425,13,395,21,16,473,289,296,637,477,223,651,42,783,1020,80,929,451,417,226,886,985,86,624,341,203,682,512,344,80,96,107,58,145,183,158,1011
944,13,768,873,304,959,76,209,849,314,858,427,199,990,870,47,790,122,153,766,297,184,710,13,409,632,82,562,918,502,346,330,847,610,286,728,191,651,74,532,350,787,371,594,87,766,363,436,429,289,542,333,430,32,947,382,243,319,888,46,252,355,353,559
863,12,743,203,177,868,148,22,524,7,828,209,431,507,871,721,221,344,554,150,903,107,493,661,502,902,897,575,30,869,811,156,467,844,21,861,902,42,532,382,536,722,280,550,909,33,976,927,761,885,1019,631,162,695,923,846,621,14,258,61,256,422,756,363
101,572,468,47,767,387,814,463,201,17,379,832,517,312,358,24,275,653,341,691,981,191,58,982,133,767,374,365,526,339,679,948,153,899,398,195,712,783,350,536,754,29,901,595,496,98,597,280,362,470,974,848,896,32,594,141,617,560,208,468,231,657,432,197
281,557,897,11,257,713,702,993,977,573,21,687,713,368,486,933,456,272,790,151,1000,932,680,551,226,626,235,325,674,336,476,676,359,728,52,249,76,1020,787,722,29,933,344,847,805,39,423,32,1010,451,299,218,718,795,271,365,80,811,770,378,869,241,98,69
1013,606,100,86,978,572,892,195,344,981,881,923,538,887,943,918,930,593,82,78,102,468,404,945,23,715,577,544,135,811,333,908,230,533,579,954,557,80,371,280,901,344,879,554,390,109,495,132,121,839,716,169,117,957,566,210,559,290,981,150,388,310,899,922
931,556,816,46,401,136,65,243,199,652,862,732,76,92,298,940,34,740,902,33,567,595,733,897,413,995,3,387,681,132,222,908,61,81,414,887,958,929,594,550,595,847,554,422,879,846,839,584,982,386,709,615,408,909,896,760,420,729,691,991,612,25,113,830
99,120,502,110,225,915,508,69,551,80,503,15,286,508,89,435,750,343,691,370,526,832,67,201,848,722,805,140,384,92,707,396,759,963,389,418,238,451,87,909,496,805,390,879,878,588,935,668,849,852,285,948,386,347,82,85,930,821,739,132,628,415,977,212
330,45,435,681,624,597,919,816,971,402,254,57,447,283,645,920,744,701,832,163,635,1019,300,18,510,658,859,802,572,959,266,558,277,46,967,761,932,417,766,33,98,39,109,846,588,967,417,179,538,748,70,56,887,580,557,252,486,940,262,376,956,559,514,147
1012,645,224,949,32,628,905,800,667,124,977,686,54,584,93,954,871,212,173,76,656,103,970,609,849,647,655,270,356,746,810,147,866,281,418,460,940,226,363,976,597,423,495,839,935,417,211,287,78,777,519,9,250,76,750,958,262,948,577,65,307,34,750,302
960,170,138,596,953,340,509,756,974,221,556,974,823,885,893,44,422,343,477,666,565,607,412,780,746,846,58,209,444,207,627,97,151,217,795,597,775,886,436,927,280,32,132,584,668,179,287,110,526,870,716,713,219,420,477,760,399,920,751,508,164,498,843,603
349,453,542,142,904,834,191,683,310,385,218,693,784,111,836,361,537,687,836,966,617,874,417,549,777,157,400,232,60,325,515,631,469,665,396,89,543,985,429,761,362,1010,121,982,849,538,78,526,902,465,43,926,883,620,430,939,397,202,851,850,699,973,351,541
967,721,457,850,23,755,1008,766,94,307,522,28,1002,735,600,308,626,9,155,787,254,427,1011,414,981,331,331,251,113,368,329,887,124,648,980,342,299,86,289,885,470,451,839,386,852,748,777,870,465,75,675,213,306,893,61,67,742,328,301,21,638,552,671,769
72,971,8,338,701,197,309,419,763,231,117,831,1000,470,207,865,801,94,981,464,597,391,424,422,989,134,182,212,559,117,740,843,45,439,594,169,906,624,542,1019,974,299,716,709,285,70,519,716,43,675,245,55,223,768,530,885,1019,841,519,89,895,336,970,130
975,380,852,880,512,255,629,306,556,573,540,68,299,472,735,700,333,752,403,791,601,594,823,999,596,840,15,490,216,931,631,919,137,1012,649,137,494,341,333,631,848,218,169,615,948,56,9,713,926,213,55,255,517,881,571,461,984,189,629,372,808,292,816,201
688,856,231,5,434,944,252,766,116,865,524,8,561,564,965,203,651,642,562,540,788,12,148,997,850,477,127,19,862,730,89,946,865,347,555,974,593,203,430,162,896,718,117,408,386,887,250,219,883,306,223,517,913,320,812,670,652,772,42,327,790,267,544,686
737,539,9,806,437,431,60,62,54,67,333,1017,273,33,32,916,512,461,779,559,972,342,186,1020,878,137,481,499,533,20,24,35,135,408,672,1011,683,682,32,695,32,795,957,909,347,580,76,420,620,893,768,881,320,844,419,1003,458,505,470,460,807,21,137,343
390,911,93,441,803,574,241,369,13,543,560,598,489,762,1005,341,726,649,458,190,113,125,193,67,307,882,509,995,678,848,987,234,599,460,864,381,79,512,947,923,594,271,566,896,82,557,750,477,430,61,530,571,812,419,14,207,856,156,923,950,712,677,841,472
64,965,322,90,578,613,883,192,858,506,808,32,66,440,50,815,478,723,60,12,364,985,6,501,71,679,375,688,289,624,37,530,559,34,169,953,210,344,382,846,141,365,210,760,85,252,958,760,939,67,885,461,670,1003,207,888,926,253,636,154,820,511,1012,498
519,496,962,459,921,887,564,351,685,102,999,276,1004,375,250,187,812,910,277,234,884,245,272,10,873,585,858,690,634,499,167,362,986,268,123,1019,197,80,243,621,617,80,559,420,930,486,262,399,397,742,1019,984,652,458,856,926,285,385,505,506,974,134,168,540
928,516,633,772,768,872,355,36,616,157,591,950,585,814,512,247,619,366,63,128,115,171,249,644,524,31,900,804,900,177,824,623,71,54,97,388,889,96,319,14,560,811,290,729,821,940,948,920,202,328,841,189,772,505,156,253,385,537,255,304,841,631,683,691
513,44,326,942,723,236,344,620,529,84,108,900,760,722,811,944,822,793,217,965,436,119,543,763,823,839,998,89,347,204,633,533,712,921,319,988,287,107,888,258,208,770,981,691,739,262,577,751,851,301,519,629,42,470,923,636,505,255,336,590,982,369,133,143
181,323,353,277,410,195,501,837,88,480,393,939,16,757,133,365,97,673,674,525,969,808,633,722,57,769,28,541,414,803,934,722,362,977,791,218,206,58,46,61,468,378,150,991,132,376,65,508,850,21,89,372,327,460,950,154,506,304,590,1014,118,484,850,463
133,490,274,842,770,675,688,990,788,397,290,530,936,448,311,307,216,999,981,678,897,462,987,948,668,267,312,353,997,123,892,763,987,232,876,9,1010,145,252,256,231,869,388,612,628,956,307,164,699,638,895,808,790,807,712,820,974,841,982,118,516,599,814,707
799,84,979,767,86,242,143,639,278,598,534,287,962,490,622,162,188,524,1003,332,171,55,777,933,137,211,592,768,62,65,973,136,633,886,471,647,969,183,355,422,657,241,310,25,415,559,34,498,973,552,336,292,267,21,677,511,134,631,369,484,599,846,456,351
35,267,577,223,239,575,193,452,449,415,595,966,862,115,341,503,470,192,896,496,511,486,1,987,476,462,667,301,857,912,330,843,35,872,657,410,841,158,353,756,432,98,899,113,977,514,750,843,351,671,970,816,544,137,841,1012,168,683,133,850,814,456,383,770
756,528,532,49,712,190,884,3,589,446,847,149,119,713,1017,649,507,842,706,54,811,457,696,565,291,932,171,756,130,101,782,229,61,827,811,851,620,1011,559,363,197,69,922,830,212,147,302,603,541,769,130,201,686,343,472,498,540,691,143,463,707,351,770,32
564,1001,363,54,412,521,157,668,441,263,510,513,935,152,108,554,319,300,153,918,362,329,2,752,734,128,914,78,165,347,416,155,952,89,219,530,311,361,707,298,99,604,477,770,531,966,524,516,474,705,269,35,516,402,436,931,540,104,924,972,933,708,1012,349
981,927,34,775,575,569,168,598,931,951,776,424,665,22,706,427,854,472,197,515,226,364,60,736,880,627,206,58,425,581,502,347,244,150,619,530,891,1018,659,806,902,576,353,1008,715,34,461,998,200,743,740,785,437,952,312,976,14,443,55,836,659,924,36,1012
726,34,976,501,520,722,853,784,667,160,355,415,618,46,233,452,261,451,681,629,155,649,75,457,916,830,899,475,309,233,96,436,635,685,242,450,926,828,410,965,163,47,630,549,1001,265,1005,650,793,551,990,86,705,966,35,506,339,882,452,812,915,300,933,359
108,775,501,721,648,804,317,922,13,71,820,549,817,829,813,67,49,470,883,321,31,887,25,255,407,167,78,129,283,845,167,384,877,727,516,638,387,318,113,788,110,217,243,623,99,951,454,800,1001,19,918,910,615,809,139,419,353,348,618,531,453,924,623,942
824,575,520,648,1005,243,873,567,326,673,265,201,760,563,663,410,276,481,110,285,32,428,46,996,527,676,418,907,665,217,112,608,476,708,102,453,30,693,696,279,842,306,210,814,573,288,746,805,26,347,960,426,1014,809,172,1007,428,89,427,259,540,776,933,264
21,569,722,804,243,53,493,277,206,520,54,476,968,594,160,872,842,937,904,842,682,212,378,318,244,778,484,954,841,953,658,204,439,872,645,515,759,408,859,750,475,835,877,160,1003,368,639,993,151,967,876,43,620,377,656,181,743,507,751,436,582,549,417,1012
314,168,853,317,873,493,478,132,471,608,731,821,310,565,803,592,512,244,648,280,1,632,484,647,569,52,293,418,221,261,24,489,600,376,264,951,893,925,462,34,743,25,785,45,976,333,615,1006,913,680,50,49,427,467,386,392,260,384,516,53,445,223,628,153
315,598,784,922,567,277,132,672,534,682,354,565,418,519,997,443,1015,223,641,828,230,273,901,735,455,84,1007,581,859,313,92,420,426,1013,682,642,96,947,100,455,605,693,214,580,396,202,700,535,514,1017,874,434,917,436,203,465,33,269,707,525,715,524,980,637
882,931,667,13,326,206,471,534,883,280,516,972,774,850,159,399,154,391,403,591,79,499,524,709,250,389,372,427,673,690,709,29,833,732,370,848,696,292,940,671,405,794,488,565,827,763,122,208,639,708,380,721,443,653,515,865,474,356,278,348,604,451,533,827
526,951,160,71,673,520,608,682,280,717,898,725,383,414,252,891,796,334,341,675,860,330,307,39,643,538,830,464,258,48,627,101,335,190,898,424,23,689,863,890,860,200,124,735,932,747,271,226,402,2,555,389,457,522,294,524,167,483,1018,357,84,613,298,917
1020,776,355,820,265,54,731,354,516,898,926,309,365,806,125,649,50,746,606,610,926,668,866,241,327,63,630,661,860,195,461,933,479,501,244,73,417,594,639,31,685,190,447,491,655,440,851,465,610,249,11,291,468,98,531,617,533,829,562,754,366,952,997,492
5,424,415,549,201,476,821,565,972,725,309,566,732,76,182,305,599,322,1015,857,418,441,602,133,682,419,915,5,598,252,501,839,78,533,697,237,644,367,783,434,382,932,557,367,1020,759,634,214,312,619,1006,90,953,477,421,540,258,612,565,571,601,750,125,80
849,665,618,817,760,968,310,418,774,383,365,732,277,108,256,132,577,868,573,823,372,352,729,22,225,513,815,852,418,904,630,667,893,274,526,247,187,833,162,113,681,749,852,65,471,193,122,481,223,48,698,647,99,255,486,62,619,1015,621,412,955,795,854,654
304,22,46,829,563,594,565,519,850,414,806,76,108,457,58,528,401,828,676,88,757,660,793,821,874,621,450,207,137,796,49,684,863,886,845,476,436,1003,163,409,480,601,257,956,259,855,40,131,217,302,710,707,970,108,917,565,819,628,862,1005,606,38,303,774
216,706,233,813,663,160,803,997,159,252,125,182,256,58,729,327,779,209,343,610,376,177,752,624,196,811,13,756,585,303,850,245,677,413,836,13,271,787,229,530,329,1009,705,451,319,106,864,797,210,879,311,12,716,611,187,653,574,666,1012,35,88,114,979,670
87,427,452,67,410,872,592,443,399,891,649,305,132,528,327,980,135,294,143,631,30,468,8,127,561,609,96,391,922,639,499,843,816,627,602,631,364,518,133,149,38,433,182,68,298,328,863,943,438,219,181,320,674,795,347,196,500,958,860,95,564,8,481,205
638,854,261,49,276,842,512,1015,154,796,50,599,577,401,779,135,495,69,582,584,723,882,864,966,540,867,987,262,445,97,632,49,793,1005,422,953,878,731,438,662,253,232,817,29,77,34,407,504,952,761,228,843,399,410,804,194,580,694,41,368,15,931,255,832
600,472,451,470,481,937,244,223,391,334,746,322,868,828,209,294,69,783,510,674,415,98,819,256,251,918,12,20,458,438,668,582,238,588,335,669,299,798,239,542,856,637,79,826,786,156,696,416,827,961,402,307,579,408,257,167,388,684,202,982,735,262,261,50
306,197,681,883,110,904,648,641,403,341,606,1015,573,676,343,143,582,510,875,341,49,352,511,104,634,417,972,208,13,8,388,857,377,589,835,702,589,828,902,433,926,703,646,836,905,427,165,1019,425,468,19,138,316,426,792,451,271,917,604,569,208,65,57,450
815,515,629,321,285,842,280,828,591,675,610,857,823,88,610,631,584,674,341,250,278,462,658,889,270,688,613,965,779,984,197,183,187,624,956,755,210,693,1,265,280,935,439,725,477,914,750,174,660,504,204,28,1006,700,620,896,980,191,263,851,920,3,254,7
724,226,155,31,32,682,1,230,79,860,926,418,372,757,376,30,723,415,49,278,663,584,840,824,943,466,681,163,915,968,779,548,430,554,544,464,859,404,56,869,274,16,1014,80,734,800,923,391,253,396,513,51,412,179,804,128,816,326,438,614,646,88,974,825
658,364,649,887,428,212,632,273,499,330,668,441,352,660,177,468,882,98,352,462,584,20,750,894,1020,936,16,631,352,710,298,5,915,350,62,648,658,222,251,65,605,353,678,2,403,743,441,1002,127,262,243,897,245,516,708,724,495,42,677,233,803,596,659,967
4,60,75,25,46,378,484,901,524,307,866,602,729,793,752,8,864,819,511,658,840,750,74,946,887,570,886,205,426,703,957,665,946,423,454,256,11,505,231,1008,144,246,362,1001,11,44,822,177,1011,995,646,437,1001,774,436,54,971,846,858,866,183,353,589,855
483,736,457,255,996,318,647,735,709,39,241,133,22,821,624,127,966,256,104,889,824,894,946,67,496,837,759,681,556,673,49,877,173,29,617,838,103,20,241,310,649,153,569,371,642,90,801,831,24,374,168,750,966,921,120,683,405,766,14,808,416,176,549,643
447,880,916,407,527,244,569,455,250,643,327,682,225,874,196,561,540,251,634,270,943,1020,887,496,17,685,632,89,928,923,593,578,981,367,413,464,847,860,99,903,319,972,162,210,450,378,99,648,194,218,478,697,670,312,147,471,478,594,716,585,801,612,230,715
256,627,830,167,676,778,52,84,389,538,63,419,513,621,811,609,867,918,417,688,466,936,570,837,685,833,15,879,456,848,431,697,772,344,214,422,200,926,501,108,205,328,613,241,967,459,225,483,842,298,747,398,43,917,663,963,660,428,144,709,781,855,778,608
807,206,899,78,418,484,293,1007,372,830,630,915,815,450,13,96,987,12,972,613,681,16,886,759,632,15,59,382,799,985,952,625,60,619,353,971,501,862,935,824,117,867,407,349,250,814,843,419,587,350,218,93,645,394,712,852,913,210,421,340,763,947,212,63
156,58,475,129,907,954,418,581,427,464,661,5,852,207,756,391,262,20,208,965,163,631,205,681,89,879,382,1000,911,903,158,315,472,69,355,432,612,510,164,944,465,196,603,416,196,634,1008,947,948,507,717,465,444,440,583,662,402,906,406,475,506,120,232,625
330,425,309,283,665,841,221,859,673,258,860,598,418,137,585,922,445,458,13,779,915,352,426,556,928,456,799,911,83,84,266,5,324,208,148,1017,441,935,519,826,2,201,205,450,800,390,738,516,867,294,754,47,260,633,390,133,655,598,960,572,853,812,533,169
694,581,233,845,217,953,261,313,690,48,195,252,904,796,303,639,97,438,8,984,968,710,703,673,923,848,985,903,84,467,952,275,762,403,870,157,319,450,576,598,562,11,48,589,644,904,919,658,883,93,645,549,236,210,183,383,329,709,764,317,878,245,749,929
832,502,96,167,112,658,24,92,709,627,461,501,630,49,850,499,632,668,388,197,779,298,957,49,593,431,952,158,266,952,476,688,354,403,412,172,166,981,529,312,607,409,395,242,693,152,824,265,905,213,909,834,499,807,203,379,437,495,66,49,730,815,641,580
310,347,436,384,608,204,489,420,29,101,933,839,667,684,245,843,49,582,857,183,548,5,665,877,578,697,625,315,5,275,688,555,329,363,726,421,834,245,717,538,159,991,603,499,771,613,519,50,616,700,402,859,384,492,1003,257,545,815,801,479,1007,105,646,733
883,244,635,877,476,439,600,426,833,335,479,78,893,863,677,816,793,238,377,187,430,915,946,173,981,772,60,472,324,762,354,329,564,652,372,367,500,570,254,564,922,353,74,111,419,117,860,870,866,805,650,973,852,580,546,148,635,851,207,738,875,838,197,66
178,150,685,727,708,872,376,1013,732,190,501,533,274,886,413,627,1005,588,589,624,554,350,423,29,367,344,619,69,208,403,403,363,652,573,293,451,103,509,417,638,758,5,882,1015,478,666,468,655,38,816,355,643,148,906,746,924,454,27,788,603,569,967,258,485
438,619,242,516,102,645,264,682,370,898,244,697,526,845,836,602,422,335,835,956,544,62,454,617,413,214,353,355,148,870,412,726,372,293,652,29,460,971,893,611,742,266,946,228,241,829,461,657,605,609,809,551,697,314,263,31,316,391,423,619,695,1010,234,192
39,530,450,638,453,515,951,642,848,424,73,237,247,476,13,631,953,669,702,755,464,648,256,838,464,422,971,432,1017,157,172,421,367,451,29,661,897,844,144,997,119,662,633,172,579,36,1018,411,207,598,805,863,717,54,620,676,989,712,222,515,39,983,944,770
622,891,926,387,30,759,893,96,696,23,417,644,187,436,271,364,878,299,589,210,859,658,11,103,847,200,501,612,441,319,166,834,500,103,460,897,24,70,948,673,917,486,909,984,988,768,1007,568,404,403,652,971,220,2,467,557,51,820,804,663,803,994,498,752
722,1018,828,318,693,408,925,947,292,689,594,367,833,1003,787,518,731,798,828,693,404,222,505,20,860,926,862,510,935,450,981,245,570,509,971,844,70,128,599,868,19,143,837,704,152,938,318,1000,764,458,569,9,256,633,960,863,388,143,240,71,597,318,802,749
393,659,410,113,696,859,462,100,940,863,639,783,162,163,229,133,438,239,902,1,56,251,231,241,99,501,935,164,519,576,529,717,254,417,893,144,948,599,48,966,94,370,959,5,654,723,931,514,33,930,836,875,422,193,8,791,955,829,431,174,607,405,569,50
596,806,965,788,279,750,34,455,671,890,31,434,113,409,530,149,662,542,433,265,869,65,1008,310,903,108,824,944,826,598,312,538,564,638,611,997,673,868,966,295,296,910,559,909,576,647,919,985,680,411,215,228,812,818,24,100,211,222,763,967,1003,858,674,841
198,902,163,110,842,475,743,605,405,860,685,382,681,480,329,38,253,856,926,280,274,605,144,649,319,205,117,465,2,562,607,159,922,758,742,119,917,19,94,296,90,485,860,109,902,772,701,64,342,986,824,152,624,643,910,465,388,145,758,571,197,251,109,624
187,576,47,217,306,835,25,693,794,200,190,932,749,601,1009,433,232,637,703,935,16,353,246,153,972,328,867,196,201,11,409,991,353,5,266,662,486,143,370,910,485,40,35,853,305,956,938,58,370,755,923,199,1004,716,63,177,399,924,974,1009,840,469,201,289
954,353,630,243,210,877,785,214,488,124,447,557,852,257,705,182,817,79,646,439,1014,678,362,569,162,613,407,603,205,48,395,603,74,882,946,633,909,837,959,559,860,35,33,231,907,471,313,223,471,307,130,754,291,424,1004,1018,713,207,154,222,260,790,649,598
519,1008,549,623,814,160,45,580,565,735,491,367,65,956,451,68,29,826,836,725,80,2,1001,371,210,241,349,416,450,589,242,499,111,1015,228,172,984,704,5,909,109,853,231,87,397,264,777,726,160,867,138,222,174,579,358,519,826,964,476,426,172,440,166,360
41,715,1001,99,573,1003,976,396,827,932,655,1020,471,259,319,298,77,786,905,477,734,403,11,642,450,967,250,196,800,644,693,771,419,478,241,579,988,152,654,576,902,305,907,397,465,703,677,714,101,1012,959,579,510,108,94,166,770,74,215,426,606,569,151,589
911,34,265,951,288,368,333,202,763,747,440,759,193,855,106,328,34,156,427,914,800,743,44,90,378,459,814,634,390,904,152,613,117,666,829,36,768,938,723,647,772,956,471,264,703,878,640,52,545,193,432,226,513,25,937,345,435,21,24,395,823,317,992,812
27,461,1005,454,746,639,615,700,122,271,851,634,122,40,864,863,407,696,165,750,923,441,822,801,99,225,843,1008,738,919,824,519,860,468,461,1018,1007,318,931,919,701,938,313,777,677,640,253,471,144,986,481,366,762,321,276,185,617,385,201,421,106,225,978,403
11,998,650,800,805,993,1006,535,208,226,465,214,481,131,797,943,504,416,1019,174,391,1002,177,831,648,483,419,947,516,658,265,50,870,655,657,411,568,1000,514,985,64,58,223,726,714,52,471,345,912,432,920,1017,174,1013,590,548,135,797,782,933,844,767,657,166
948,200,793,1001,26,151,913,514,639,402,610,312,223,217,210,438,952,827,425,660,253,127,1011,24,194,842,587,948,867,883,905,616,866,38,605,207,404,764,33,680,342,370,471,160,101,545,144,912,633,846,968,728,247,443,264,540,728,532,508,184,573,255,976,254
389,743,551,19,347,967,680,1017,708,2,249,619,48,302,879,219,761,961,468,504,396,262,995,374,218,298,350,507,294,93,213,700,805,816,609,598,403,458,930,411,986,755,307,867,1012,193,986,432,846,148,654,198,997,519,393,444,937,439,955,148,616,782,873,810
538,740,990,918,960,876,50,874,380,555,11,1006,698,710,311,181,228,402,19,204,513,243,646,168,478,747,218,717,754,645,909,402,650,355,809,805,652,569,836,215,824,923,130,138,959,432,481,920,968,654,399,923,470,947,699,790,155,339,79,366,357,213,616,619
70,785,86,910,426,43,49,434,721,389,291,90,647,707,12,320,843,307,138,28,51,897,437,750,697,398,93,465,47,549,834,859,973,643,551,863,971,9,875,228,152,199,754,222,579,226,366,1017,728,198,923,671,873,650,323,410,192,816,771,288,984,191,980,827
11,437,705,615,1014,620,427,917,443,457,468,953,99,970,716,674,399,579,316,1006,412,245,1001,966,670,43,645,444,260,236,499,384,852,148,697,717,220,256,422,812,624,1004,291,174,510,513,762,174,247,997,470,873,851,249,361,746,50,624,4,368,122,730,402,361
804,952,966,809,809,377,467,436,653,522,98,477,255,108,611,795,410,408,426,700,179,516,774,921,312,917,394,440,633,210,807,492,580,906,314,54,2,633,193,818,643,716,424,579,108,25,321,1013,443,519,947,650,249,562,672,1,157,259,221,859,114,333,111,596
872,312,35,139,172,656,386,203,515,294,531,421,486,917,187,347,804,257,792,620,804,708,436,120,147,663,712,583,390,183,203,1003,546,746,263,620,467,960,8,24,910,63,1004,358,94,937,276,590,264,393,699,323,361,672,202,83,210,775,93,988,49,516,527,771
841,976,506,419,1007,181,392,465,865,524,617,540,62,565,653,196,194,167,451,896,128,724,54,683,471,963,852,662,133,383,379,257,148,924,31,676,557,863,791,100,465,177,1018,519,166,345,185,548,540,444,790,410,746,1,83,411,701,44,521,304,369,243,155,952
59,14,339,353,428,743,260,33,474,167,533,258,619,819,574,500,580,388,271,980,816,495,971,405,478,660,913,402,655,329,437,545,635,454,316,989,51,388,955,211,388,399,713,826,770,435,617,135,728,937,155,192,50,157,210,701,245,447,255,923,498,8,668,405
208,443,882,348,89,507,384,269,356,483,829,612,1015,628,666,958,694,684,917,191,326,42,846,766,594,428,210,906,598,709,495,815,851,27,391,712,820,143,829,222,145,924,207,964,74,21,385,797,532,439,339,816,624,259,775,44,447,456,849,449,562,923,258,737
827,55,452,618,427,751,516,707,278,1018,562,565,621,862,1012,860,41,202,604,263,438,677,858,14,716,144,421,406,960,764,66,801,207,788,423,222,804,240,431,763,758,974,154,476,215,24,201,782,508,955,79,771,4,221,93,521,255,849,650,488,874,812,992,874
923,836,812,531,259,436,53,525,348,357,754,571,412,1005,35,95,368,982,569,851,614,233,866,808,585,709,340,475,572,317,49,479,738,603,619,515,663,71,174,967,571,1009,222,426,426,395,421,933,184,148,366,288,368,859,988,304,923,449,488,54,738,943,407,255
845,659,915,453,540,582,445,715,604,84,366,601,955,606,88,564,15,735,208,920,646,803,183,416,801,781,763,506,853,878,730,1007,875,569,695,39,803,597,607,1003,197,840,260,172,606,823,106,844,573,616,357,984,122,114,49,369,498,562,874,738,123,333,206,554
395,924,300,924,776,549,223,524,451,613,952,750,795,38,114,8,931,262,65,3,88,596,353,176,612,855,947,120,812,245,815,105,838,967,1010,983,994,318,405,858,251,469,790,440,569,317,225,767,255,782,213,191,730,333,516,243,8,923,812,943,333,407,480,972
1003,36,933,623,933,417,628,980,533,298,997,125,854,303,979,481,255,261,57,254,974,659,589,549,230,778,212,232,533,749,641,646,197,258,234,944,498,802,569,674,109,201,649,166,151,992,978,657,976,873,616,980,402,111,527,155,668,258,992,407,206,480,152,947
698,1012,359,942,264,1012,153,637,827,917,492,80,654,774,670,205,832,50,450,7,825,967,855,643,715,608,63,625,169,929,580,733,66,485,192,770,752,749,50,841,624,289,598,360,589,812,403,166,254,810,619,827,361,596,771,952,405,737,874,255,554,972,947,201
997,799,699,889,60,72,794,384,124,84,719,613,847,155,96,823,469,933,465,415,823,746,465,895,767,191,845,987,514,411,938,737,805,699,35,808,705,971,161,157,796,317,664,829,447,379,181,855,842,773,315,504,914,37,90,616,772,392,578,732,652,524,994,242
577,675,667,759,961,854,456,918,468,843,697,545,768,943,978,565,735,934,327,267,140,267,620,211,65,591,157,338,377,431,127,722,415,840,486,740,758,866,107,957,474,439,125,90,187,628,213,2,607,136,256,208,541,1004,653,862,1008,329,103,209,235,625,766,994
377,667,36,871,472,252,184,156,492,997,971,239,815,415,295,67,561,217,271,658,930,289,569,937,289,861,260,602,762,703,298,89,973,524,489,649,196,965,480,267,825,986,222,696,845,663,268,131,496,338,735,810,405,99,665,429,668,327,403,916,551,974,652,282
757,759,871,770,162,823,973,779,685,620,539,220,907,167,525,291,570,919,548,934,807,211,606,647,712,979,285,684,928,629,665,549,198,622,687,966,856,831,104,348,779,608,536,977,151,485,581,762,883,74,892,932,368,66,896,471,769,742,119,745,634,578,490,679
120,961,472,162,100,883,397,481,907,227,890,186,593,1017,163,7,649,901,561,697,215,103,289,381,316,136,382,611,551,890,880,774,198,361,78,894,580,1016,699,616,131,329,342,1012,617,69,979,312,340,416,271,450,593,144,893,215,545,561,63,858,772,150,605,208
144,854,252,823,883,695,391,525,23,156,895,242,296,589,499,521,338,291,29,863,1014,293,899,979,826,740,462,249,573,802,999,529,937,675,568,713,33,448,507,482,166,886,805,1003,930,90,821,557,866,537,995,953,226,399,484,967,7,887,279,90,374,799,889,947
567,456,184,973,397,391,823,954,795,691,529,1005,238,799,947,830,163,487,593,346,941,789,983,323,382,131,607,424,500,682,451,141,1006,123,289,728,581,545,231,57,216,642,526,723,476,661,689,354,754,424,198,771,759,566,473,276,288,746,914,816,117,92,120,681
768,918,156,779,481,525,954,72,601,147,801,525,487,596,109,589,979,465,804,671,121,610,213,386,649,249,93,858,533,149,845,928,348,620,283,157,219,364,95,986,533,877,560,1020,454,54,194,886,933,415,200,4,90,833,358,815,1015,315,262,941,534,459,905,194
248,468,492,685,907,23,795,601,445,711,143,283,883,818,238,258,891,275,543,579,340,566,13,539,253,611,500,202,507,696,626,31,542,508,488,795,961,790,98,571,626,451,350,291,598,1008,251,773,547,709,221,540,78,903,154,76,842,531,342,1001,262,326,533,224
168,843,997,620,227,156,691,147,711,441,193,501,614,525,967,540,575,969,50,212,3,764,892,901,501,504,720,149,365,984,903,240,191,410,1020,271,345,695,245,759,489,99,182,949,845,795,566,933,549,353,28,295,332,420,621,181,613,869,249,684,793,336,666,339
417,697,971,539,890,895,529,801,143,193,799,524,143,763,827,263,618,350,638,495,636,329,631,854,131,610,153,883,626,572,598,42,108,703,193,570,5,821,335,163,232,220,698,736,125,403,456,342,739,889,427,841,637,50,447,137,208,331,190,41,758,112,142,442
205,545,239,220,186,242,1005,525,283,501,524,441,673,445,59,905,38,287,795,41,821,503,291,882,963,801,773,630,69,240,732,466,554,912,253,948,25,666,739,829,915,831,774,895,294,807,179,262,682,813,681,769,559,664,587,474,876,550,123,264,381,564,909,824
673,768,815,907,593,296,238,487,883,614,143,673,743,990,523,855,574,483,711,100,929,783,754,400,531,105,257,980,244,229,108,223,249,104,646,729,588,964,139,470,407,448,7,332,556,70,613,519,336,474,134,399,796,75,691,305,816,668,624,463,70,157,225,467
310,943,415,167,1017,589,799,596,818,525,763,445,990,821,765,192,279,998,809,578,62,159,892,403,563,1008,312,892,119,112,741,912,794,1004,580,286,647,61,695,738,3,604,6,689,108,362,410,687,311,678,192,161,936,823,814,12,97,890,1008,430,239,752,736,422
192,978,295,525,163,499,947,109,238,967,827,59,523,765,490,189,616,605,865,771,829,171,829,34,880,770,622,472,760,631,916,291,646,249,644,498,780,378,660,228,935,582,265,803,495,448,436,202,8,29,705,729,188,654,144,606,86,437,696,784,91,818,949,269
625,565,67,291,7,521,830,589,258,540,263,905,855,192,189,914,515,483,567,95,880,478,334,285,241,494,930,490,984,543,181,650,767,286,167,117,229,358,932,857,807,596,358,71,122,569,240,778,941,35,566,732,447,530,446,218,946,913,213,357,342,288,351,527
938,735,561,570,649,338,163,979,891,575,618,38,574,279,616,515,781,477,734,676,765,22,955,541,920,401,362,421,273,534,277,657,290,685,780,919,716,783,555,490,518,583,402,698,145,935,911,979,805,457,62,284,53,239,604,786,24,722,574,792,554,896,887,82
845,934,217,919,901,291,487,465,275,969,350,287,483,998,605,483,477,11,586,383,839,221,229,569,701,788,913,145,992,7,1010,938,575,784,416,358,452,913,341,216,266,324,923,476,490,487,653,938,495,832,175,404,76,127,579,410,562,706,280,771,325,132,627,360
930,327,271,548,561,29,593,804,543,50,638,795,711,809,865,567,734,586,681,749,860,25,856,389,437,192,571,463,900,447,668,928,411,306,362,970,555,10,574,117,22,606,398,715,818,208,514,169,965,213,153,988,478,416,954,355,71,120,903,834,349,56,626,545
830,267,658,934,697,863,346,671,579,212,495,41,100,578,771,95,676,383,749,137,956,474,185,724,901,220,763,305,939,540,365,141,659,1010,860,559,528,216,807,380,457,96,398,740,433,845,745,541,908,286,5,227,307,284,192,615,934,268,674,481,565,843,995,266
625,140,930,807,215,1014,941,121,340,3,636,821,929,62,829,880,765,839,860,956,772,95,342,697,507,451,975,218,966,857,13,96,740,192,186,418,220,304,22,126,454,249,438,116,767,970,872,463,883,700,360,345,33,83,966,771,812,467,867,405,975,483,483,450
471,267,289,211,103,293,789,610,566,764,329,503,783,159,171,478,22,221,25,474,95,640,607,125,247,241,927,615,136,439,588,612,650,937,771,868,194,26,644,96,939,796,988,465,653,794,688,193,255,957,19,166,121,715,662,142,304,390,198,340,323,615,959,217
930,620,569,606,289,899,983,213,13,892,631,291,754,892,829,334,955,229,856,185,342,607,423,157,880,723,902,845,88,888,17,121,809,208,598,547,674,534,100,436,438,657,823,504,492,371,115,480,267,595,763,816,848,700,912,195,741,35,884,116,1001,799,349,509
769,211,937,647,381,979,323,386,539,901,854,882,400,403,34,285,541,569,389,724,697,125,157,157,633,520,641,375,576,687,421,214,700,470,1005,404,887,748,326,442,154,465,173,850,222,834,163,189,820,73,371,424,374,24,233,490,947,214,974,524,592,735,349,132
513,65,289,712,316,826,382,649,253,501,131,963,531,563,880,241,920,701,437,901,507,247,880,633,818,551,1014,372,974,109,884,1000,896,476,276,324,478,679,69,44,469,691,492,912,171,14,908,503,1016,596,755,950,621,928,623,985,984,865,875,429,258,142,518,861
382,591,861,979,136,740,131,249,611,504,610,801,105,1008,770,494,401,788,192,220,451,241,723,520,551,291,282,592,926,150,688,545,776,702,816,350,116,820,397,96,581,496,409,834,704,245,354,714,279,677,154,952,483,199,659,96,903,624,320,609,1000,41,654,386
669,157,260,285,382,462,607,93,500,720,153,773,257,312,622,930,362,913,571,763,975,927,902,641,1014,282,890,836,789,484,832,464,351,95,776,608,692,855,847,934,123,299,838,201,908,23,51,130,375,858,874,708,530,214,693,577,757,358,358,891,392,491,930,814
953,338,602,684,611,249,424,858,202,149,883,630,980,892,472,490,421,145,463,305,218,615,845,375,372,592,836,66,394,450,260,638,804,425,908,97,326,719,371,874,652,465,91,912,541,714,820,733,709,572,391,452,439,3,132,333,32,491,929,141,382,260,651,544
7,377,762,928,551,573,500,533,507,365,626,69,244,119,760,984,273,992,900,939,966,136,88,576,974,926,789,394,748,170,256,600,712,596,767,626,124,863,746,89,195,444,539,431,718,317,375,378,930,242,150,122,946,357,664,608,67,603,274,420,9,542,895,858
822,431,703,629,890,802,682,149,696,984,572,240,229,112,631,543,534,7,447,540,857,439,888,687,109,150,484,450,170,554,510,330,392,33,314,794,142,151,581,67,902,269,784,345,207,379,896,572,932,508,994,644,40,586,833,398,158,871,94,142,580,644,749,351
855,127,298,665,880,999,451,845,626,903,598,732,108,741,916,181,277,1010,668,365,13,588,17,421,884,688,832,260,256,510,628,302,672,110,60,851,821,881,493,373,141,221,75,560,6,786,576,429,150,663,1002,912,284,516,320,383,181,670,739,254,777,787,100,912
